            1            2          175           10      0.23728
            1            3          250           11      0.45885
            1            7          300            1      0.96309
            3            4          200           11      0.54681
            3            5          325           11      0.52114
            5            6          250           11      0.23159
            7            8          200            1       0.4889
            8           12          225           10      0.62406
            8            9          225            9      0.67914
            8           13          300            1      0.39552
            9           14          425            9      0.36744
           13           34          150           11      0.98798
           13           18          825            2     0.037739
           14           11          250            9      0.88517
           14           10          250            9      0.91329
           15           16          375           11      0.79618
           15           17          350           11     0.098712
           18           19          250            9      0.26187
           18           21          300            2      0.33536
           19           20          325            9      0.67973
           21           22          525           10      0.13655
           21           23          250            2      0.72123
           23           24          550           11      0.10676
           23           25          275            2      0.65376
           25           26          350            7      0.49417
           25           28          200            2      0.77905
           26           27          275            7      0.71504
           26           31          225           11      0.90372
           27           33          500            9      0.89092
           28           29          300            2      0.33416
           29           30          350            2      0.69875
           30          115          200            2      0.19781
           31           32          300           11     0.030541
           34           15          100           11      0.74407
           35           36          650            8      0.50002
           35           40          250            1      0.47992
           36           37          300            9      0.90472
           36           38          250           10      0.60987
           38           39          325           10      0.61767
           40           41          325           11      0.85944
           40           42          250            1      100.80549
           42           43          500           10      0.57672
           42           44          200            1      0.18292
           44           45          200            9      0.23993
           44           47          250            1      0.88651
           45           46          300            9     0.028674
           47           48          150            4       0.4899
           47           49          250            4      0.16793
           49           50          250            4      0.97868
           50           51          250            4      0.71269
           52           53          200            1      0.50047
           53           54          125            1      0.47109
           54           55          275            1     0.059619
           54           57          350            3      0.68197
           55           56          275            1     0.042431
           57           58          250           10     0.071445
           57           60          750            3      0.52165
           58           59          250           10      0.09673
           60           61          550            5      0.81815
           60           62          250           12      0.81755
           62           63          175           12      0.72244
           63           64          350           12      0.14987
           64           65          425           12      0.65961
           65           66          325           12      0.51859
           67           68          200            9      0.97297
           67           72          275            3      0.64899
           67           97          250            3      0.80033
           68           69          275            9       0.4538
           69           70          325            9      0.43239
           70           71          275            9      0.82531
           72           73          275           11      0.08347
           72           76          200            3      0.13317
           73           74          350           11      0.17339
           74           75          400           11      0.39094
           76           77          400            6      0.83138
           76           86          700            3      0.80336
           77           78          100            6     0.060471
           78           79          225            6      0.39926
           78           80          475            6      0.52688
           80           81          475            6       0.4168
           81           82          250            6      0.65686
           81           84          675           11      0.62797
           82           83          250            6      0.29198
           84           85          475           11      0.43165
           86           87          450            6     0.015487
           87           88          175            9      0.98406
           87           89          275            6      0.16717
           89           90          225           10      0.10622
           89           91          225            6      0.37241
           91           92          300           11      0.19812
           91           93          225            6      0.48969
           93           94          275            1      0.33949
           93           95          300            6      0.95163
           95           96          200           10      0.92033
           97           98          275            3     0.052677
           98           99          550            3      0.73786
           99          100          300            3      0.26912
          100          122          800            3      0.42284
          101          102          225           11      0.54787
          101          105          275            3      0.94274
          102          103          325           11      0.41774
          103          104          700           11      0.98305
          105          106          225           10      0.30145
          105          108          325            3       0.7011
          106          107          575           10      0.66634
          108          109          450            9      0.53913
          108          117         1000            3      0.69811
          109          110          300            9      0.66653
          110          111          575            9      0.17813
          110          112          125            9      0.12801
          112          113          525            9      0.99908
          113          114          325            9      0.17112
          116           35          375            4     0.032601
          125            1          400            1       0.5612
          121           52          400            1      0.88187
          119           67          350            6      0.66918
          124          101          250            3      0.19043
           51          123          250            4      0.36892
           13          121            0            0      0.46073
           18          116            0            0      0.98164
           60          119            0            0       0.1564
           61          120            0            0      0.85552
           97          124            0            0      0.64476
          117          118            0            0      0.37627
	54		94		0		0	0
	117		123		0		0	0	
	125		95		0		0	0	
	125		115		0		0	0
	125		122		0		0	0